100 10.0 1.0
0
-2
-5
-5
-4
-8
-3
-4
-8
-13
-11
-13
-16
-14
-13
-12
-9
-11
-8
-3
-7
-9
-10
-9
-8
-13
-14
-12
-11
-8
-6
-10
-8
-6
-3
-1
0
-1
-2
-6
-4
-1
-5
-9
-11
-12
-8
-9
-12
-9
-10
-15
-13
-8
-5
-8
-5
-2
-7
-5
-3
-6
-5
-2
1
1
5
2
0
0
-2
-1
-5
-1
-1
-4
-8
-12
-15
-11
-7
-6
-1
-1
-4
0
1
5
2
1
4
3
3
5
1
-1
0
0
-1
4
-5.199881623521081
-27.967676447193423
-2.683480084396528
-10.4220317336292
-3.4960152195133127
-12.563129354418983
-2.3508740310267395
-4.520529401807912
-0.760923665487236
-22.025623595550748
-5.542797580344969
-13.442088518649983
-25.201219511943663
-10.376764078451163
6.4084131646024325
-13.301946683960722
2.450977731118062
-11.35786401334961
-10.618620404196838
3.599442144653171
-16.88596507220283
-17.717743942798226
-3.5829783473494032
-4.853058193757845
-7.592668470946327
-2.527705867325757
-8.075398645839563
9.673336326949702
-7.547354805182958
-9.289458380545927
-4.959369277820608
-26.92648940852796
-12.118092278002072
-11.700299890362738
-16.31476023233399
-20.255542723941655
-5.707155697049773
-1.1492746858620104
0.9649530435209352
7.178551922987673
7.714324314620622
-18.539090548506433
-16.650519238308853
-12.273312590218309
-19.334533244611798
-23.642409947811867
-15.381529241913658
-6.339183567623039
-22.842706957914526
-8.810666745785536
8.960464696222736
-1.2257222696553765
-9.775001079780179
-8.174670220746657
4.316578801519356
12.588461450156188
-16.69479484355296
-3.1367495333445463
-31.026500408628458
-10.166694253950428
-17.620315457352863
-5.325640140213779
-4.872173535793408
-9.215185473850745
-3.6227975964946717
6.2492286963252734
10.759880427398116
-3.4115241246102572
-3.8154149780672704
9.188396573158059
5.622251228933773
13.847486657983035
-6.95804667393645
17.05676646381863
-2.409068718416694
6.296891834779018
11.174269921115542
-20.686989818435926
-24.24860991404542
-10.111771400642096
-3.912430651758047
0.8640618858545608
17.553254800705968
-1.7550250631498128
-17.818782016658613
-7.6826281773324805
13.058621606573727
-6.257715367585979
-18.145601727583813
-3.2019498485219167
-4.7149222480686195
3.2798876507335595
-0.5422701415484297
-2.6998054527536617
5.715026639940955
-0.5860990540938529
-7.726518362372763
7.394911043323395
2.0224428273353787
-3.2595604704053907
