-0.472717
-4.88031
-4.42657
-5.83323
-5.24723
-7.14685
-5.87822
-5.51552
-4.23869
-9.02868
-8.08854
-9.53353
-13.7642
-12.8493
-7.64743
-9.17492
-6.03423
-7.47241
-8.32237
-5.10164
-8.28524
-10.8335
-8.87472
-7.78824
-7.73541
-6.32851
-6.80045
-2.34995
-3.75406
-5.24948
-5.17111
-11.0485
-11.3374
-11.4355
-12.7536
-14.7803
-12.3291
-9.30884
-6.53331
-2.82896
0.0193708
-4.99431
-8.14331
-9.25906
-11.981
-15.1314
-15.199
-12.8055
-15.5171
-13.7053
-7.582
-5.86481
-6.92118
-7.25981
-4.13238
0.384859
-4.22932
-3.93415
-11.2533
-10.9598
-12.7592
-10.7509
-9.16276
-9.17692
-7.67644
-3.91433
0.0499965
-0.885155
-1.67678
1.25851
2.4374
5.51991
2.14891
6.17636
3.85695
4.51612
6.31486
-0.979858
-7.26606
-8.03484
-6.92115
-4.81793
1.22579
0.420503
-4.50695
-5.36488
-0.387658
-1.97349
-6.34249
-5.49405
-5.28356
-2.97009
-2.3142
-2.41838
-0.221087
-0.319697
-2.3207
0.304036
0.768274
-0.31987
