0	-0.023862	0	9.8	0.3	0.3	0.3	1
50	-0.075923	0	9.8	0.3	0.3	0.3	1
100	-0.127411	0	9.8	0.3	0.3	0.3	1
150	-0.178323	0	9.8	0.3	0.3	0.3	1
200	-0.228657	0	9.8	0.3	0.3	0.3	1
250	-0.278409	0	9.8	0.3	0.3	0.3	1
300	-0.327578	0	9.8	0.3	0.3	0.3	1
350	-0.376163	0	9.8	0.3	0.3	0.3	1
400	-0.424163	0	9.8	0.3	0.3	0.3	1
450	-0.471578	0	9.8	0.3	0.3	0.3	1
500	-0.518409	0	9.8	0.3	0.3	0.3	1
550	-0.564655	0	9.8	0.3	0.3	0.3	1
600	-0.610319	0	9.8	0.3	0.3	0.3	1
650	-0.655402	0	9.8	0.3	0.3	0.3	1
700	-0.699905	0	9.8	0.3	0.3	0.3	1
750	-0.743832	0	9.8	0.3	0.3	0.3	1
800	-0.787185	0	9.8	0.3	0.3	0.3	1
850	-0.829967	0	9.8	0.3	0.3	0.3	1
900	-0.872181	0	9.8	0.3	0.3	0.3	1
950	-0.91383	0	9.8	0.3	0.3	0.3	1
1000	-0.954919	0	9.8	0.3	0.3	0.3	1
1050	-0.995451	0	9.8	0.3	0.3	0.3	1
1100	-1.035431	0	9.8	0.3	0.3	0.3	0
1150	-1.074861	0	9.8	0.3	0.3	0.3	0
1200	-1.113748	0	9.8	0.3	0.3	0.3	0
1250	-1.152096	0	9.8	0.3	0.3	0.3	0
1300	-1.189909	0	9.8	0.3	0.3	0.3	0
1350	-1.227191	0	9.8	0.3	0.3	0.3	0
1400	-1.263949	0	9.8	0.3	0.3	0.3	0
1450	-1.300187	0	9.8	0.3	0.3	0.3	0
1500	-1.33591	0	9.8	0.3	0.3	0.3	0
1550	-1.371124	0	9.8	0.3	0.3	0.3	0
1600	-1.405832	0	9.8	0.3	0.3	0.3	0
1650	-1.440042	0	9.8	0.3	0.3	0.3	0
1700	-1.473758	0	9.8	0.3	0.3	0.3	0
1750	-1.506985	0	9.8	0.3	0.3	0.3	0
1800	-1.539729	0	9.8	0.3	0.3	0.3	0
1850	-1.571995	0	9.8	0.3	0.3	0.3	0
1900	-1.603788	0	9.8	0.3	0.3	0.3	0
1950	-1.635114	0	9.8	0.3	0.3	0.3	0
2000	-1.665979	0	9.8	0.3	0.3	0.3	0
2050	-1.696388	0	9.8	0.3	0.3	0.3	0
2100	-1.726345	0	9.8	0.3	0.3	0.3	0
2150	-1.755857	0	9.8	0.3	0.3	0.3	0
2200	-1.784929	0	9.8	0.3	0.3	0.3	0
2250	-1.813565	0	9.8	0.3	0.3	0.3	0
2300	-1.841772	0	9.8	0.3	0.3	0.3	0
2350	-1.869555	0	9.8	0.3	0.3	0.3	0
2400	-1.896918	0	9.8	0.3	0.3	0.3	0
2450	-1.923867	0	9.8	0.3	0.3	0.3	0
2500	-1.950408	0	9.8	0.3	0.3	0.3	0
2550	-1.976544	0	9.8	0.3	0.3	0.3	0
2600	-2.002282	0	9.8	0.3	0.3	0.3	0
2650	-2.027626	0	9.8	0.3	0.3	0.3	0
2700	-2.052582	0	9.8	0.3	0.3	0.3	0
2750	-2.077153	0	9.8	0.3	0.3	0.3	0
2800	-2.101346	0	9.8	0.3	0.3	0.3	0
2850	-2.125164	0	9.8	0.3	0.3	0.3	0
2900	-2.148613	0	9.8	0.3	0.3	0.3	0
2950	-2.171697	0	9.8	0.3	0.3	0.3	0
3000	-2.194421	0	9.8	0.3	0.3	0.3	0
3050	-2.21679	0	9.8	0.3	0.3	0.3	0
3100	-2.238808	0	9.8	0.3	0.3	0.3	0
3150	-2.260479	0	9.8	0.3	0.3	0.3	0
3200	-2.281809	0	9.8	0.3	0.3	0.3	0
3250	-2.3028	0	9.8	0.3	0.3	0.3	0
3300	-2.323459	0	9.8	0.3	0.3	0.3	0
3350	-2.343789	0	9.8	0.3	0.3	0.3	0
3400	-2.363794	0	9.8	0.3	0.3	0.3	0
3450	-2.383478	0	9.8	0.3	0.3	0.3	0
3500	-2.402846	0	9.8	0.3	0.3	0.3	0
3550	-2.421902	0	9.8	0.3	0.3	0.3	0
3600	-2.440649	0	9.8	0.3	0.3	0.3	0
3650	-2.459092	0	9.8	0.3	0.3	0.3	0
3700	-2.477234	0	9.8	0.3	0.3	0.3	0
3750	-2.495079	0	9.8	0.3	0.3	0.3	0
3800	-2.512632	0	9.8	0.3	0.3	0.3	0
3850	-2.529896	0	9.8	0.3	0.3	0.3	0
3900	-2.546874	0	9.8	0.3	0.3	0.3	0
3950	-2.563571	0	9.8	0.3	0.3	0.3	0
4000	-2.579989	0	9.8	0.3	0.3	0.3	0
4050	-2.596133	0	9.8	0.3	0.3	0.3	0
4100	-2.612006	0	9.8	0.3	0.3	0.3	0
4150	-2.627611	0	9.8	0.3	0.3	0.3	0
4200	-2.642952	0	9.8	0.3	0.3	0.3	0
4250	-2.658032	0	9.8	0.3	0.3	0.3	0
4300	-2.672855	0	9.8	0.3	0.3	0.3	0
4350	-2.687423	0	9.8	0.3	0.3	0.3	0
4400	-2.701741	0	9.8	0.3	0.3	0.3	0
4450	-2.71581	0	9.8	0.3	0.3	0.3	0
4500	-2.729635	0	9.8	0.3	0.3	0.3	0
4550	-2.743219	0	9.8	0.3	0.3	0.3	0
4600	-2.756564	0	9.8	0.3	0.3	0.3	0
4650	-2.769674	0	9.8	0.3	0.3	0.3	0
4700	-2.782551	0	9.8	0.3	0.3	0.3	0
4750	-2.795199	0	9.8	0.3	0.3	0.3	0
4800	-2.807621	0	9.8	0.3	0.3	0.3	0
4850	-2.819818	0	9.8	0.3	0.3	0.3	0
4900	-2.831795	0	9.8	0.3	0.3	0.3	0
4950	-2.843554	0	9.8	0.3	0.3	0.3	0
5000	-2.855098	0	9.8	0.3	0.3	0.3	0
5050	-2.86643	0	9.8	0.3	0.3	0.3	0
5100	-2.877551	0	9.8	0.3	0.3	0.3	0
5150	-2.888466	0	9.8	0.3	0.3	0.3	0
5200	-2.899176	0	9.8	0.3	0.3	0.3	0
5250	-2.909684	0	9.8	0.3	0.3	0.3	0
5300	-2.919993	0	9.8	0.3	0.3	0.3	0
5350	-2.930106	0	9.8	0.3	0.3	0.3	0
5400	-2.940024	0	9.8	0.3	0.3	0.3	0
5450	-2.949751	0	9.8	0.3	0.3	0.3	0
5500	-2.959289	0	9.8	0.3	0.3	0.3	0
5550	-2.96864	0	9.8	0.3	0.3	0.3	0
5600	-2.977807	0	9.8	0.3	0.3	0.3	0
5650	-2.986792	0	9.8	0.3	0.3	0.3	0
5700	-2.995597	0	9.8	0.3	0.3	0.3	0
5750	-3.004226	0	9.8	0.3	0.3	0.3	0
5800	-3.012679	0	9.8	0.3	0.3	0.3	0
5850	-3.02096	0	9.8	0.3	0.3	0.3	0
5900	-3.029071	0	9.8	0.3	0.3	0.3	0
5950	-3.037014	0	9.8	0.3	0.3	0.3	0
6000	-3.044791	0	9.8	0.3	0.3	0.3	0
6050	-3.052405	0	9.8	0.3	0.3	0.3	0
6100	-3.059857	0	9.8	0.3	0.3	0.3	0
6150	-3.067151	0	9.8	0.3	0.3	0.3	0
6200	-3.074287	0	9.8	0.3	0.3	0.3	0
6250	-3.081268	0	9.8	0.3	0.3	0.3	0
6300	-3.088097	0	9.8	0.3	0.3	0.3	0
6350	-3.094775	0	9.8	0.3	0.3	0.3	0
6400	-3.101305	0	9.8	0.3	0.3	0.3	0
6450	-3.107688	0	9.8	0.3	0.3	0.3	0
6500	-3.113926	0	9.8	0.3	0.3	0.3	0
6550	-3.120023	0	9.8	0.3	0.3	0.3	0
6600	-3.125978	0	9.8	0.3	0.3	0.3	0
6650	-3.131796	0	9.8	0.3	0.3	0.3	0
6700	-3.137477	0	9.8	0.3	0.3	0.3	0
6750	-3.143024	0	9.8	0.3	0.3	0.3	0
6800	-3.148438	0	9.8	0.3	0.3	0.3	0
6850	-3.153721	0	9.8	0.3	0.3	0.3	0
6900	-3.158876	0	9.8	0.3	0.3	0.3	0
6950	-3.163904	0	9.8	0.3	0.3	0.3	0
7000	-3.168808	0	9.8	0.3	0.3	0.3	0
7050	-3.173588	0	9.8	0.3	0.3	0.3	0
7100	-3.178247	0	9.8	0.3	0.3	0.3	0
7150	-3.182788	0	9.8	0.3	0.3	0.3	0
7200	-3.18721	0	9.8	0.3	0.3	0.3	0
7250	-3.191517	0	9.8	0.3	0.3	0.3	0
7300	-3.195711	0	9.8	0.3	0.3	0.3	0
7350	-3.199792	0	9.8	0.3	0.3	0.3	0
7400	-3.203764	0	9.8	0.3	0.3	0.3	0
7450	-3.207627	0	9.8	0.3	0.3	0.3	0
7500	-3.211383	0	9.8	0.3	0.3	0.3	0
7550	-3.215035	0	9.8	0.3	0.3	0.3	0
7600	-3.218583	0	9.8	0.3	0.3	0.3	0
7650	-3.22203	0	9.8	0.3	0.3	0.3	0
7700	-3.225378	0	9.8	0.3	0.3	0.3	0
7750	-3.228627	0	9.8	0.3	0.3	0.3	0
7800	-3.23178	0	9.8	0.3	0.3	0.3	0
7850	-3.234839	0	9.8	0.3	0.3	0.3	0
7900	-3.237805	0	9.8	0.3	0.3	0.3	0
7950	-3.24068	0	9.8	0.3	0.3	0.3	0
8000	-3.243465	0	9.8	0.3	0.3	0.3	0
8050	-3.246162	0	9.8	0.3	0.3	0.3	0
8100	-3.248773	0	9.8	0.3	0.3	0.3	0
8150	-3.2513	0	9.8	0.3	0.3	0.3	0
8200	-3.253743	0	9.8	0.3	0.3	0.3	0
8250	-3.256105	0	9.8	0.3	0.3	0.3	0
8300	-3.258387	0	9.8	0.3	0.3	0.3	0
8350	-3.260591	0	9.8	0.3	0.3	0.3	0
8400	-3.262718	0	9.8	0.3	0.3	0.3	0
8450	-3.26477	0	9.8	0.3	0.3	0.3	0
8500	-3.266749	0	9.8	0.3	0.3	0.3	0
8550	-3.268656	0	9.8	0.3	0.3	0.3	0
8600	-3.270492	0	9.8	0.3	0.3	0.3	0
8650	-3.272259	0	9.8	0.3	0.3	0.3	0
8700	-3.273959	0	9.8	0.3	0.3	0.3	0
8750	-3.275592	0	9.8	0.3	0.3	0.3	0
8800	-3.277162	0	9.8	0.3	0.3	0.3	0
8850	-3.278668	0	9.8	0.3	0.3	0.3	0
8900	-3.280113	0	9.8	0.3	0.3	0.3	0
8950	-3.281498	0	9.8	0.3	0.3	0.3	0
9000	-3.282824	0	9.8	0.3	0.3	0.3	0
9050	-3.284093	0	9.8	0.3	0.3	0.3	0
9100	-3.285306	0	9.8	0.3	0.3	0.3	0
9150	-3.286465	0	9.8	0.3	0.3	0.3	0
9200	-3.287572	0	9.8	0.3	0.3	0.3	0
9250	-3.288626	0	9.8	0.3	0.3	0.3	0
9300	-3.289631	0	9.8	0.3	0.3	0.3	0
9350	-3.290586	0	9.8	0.3	0.3	0.3	0
9400	-3.291495	0	9.8	0.3	0.3	0.3	0
9450	-3.292357	0	9.8	0.3	0.3	0.3	0
9500	-3.293175	0	9.8	0.3	0.3	0.3	0
9550	-3.293949	0	9.8	0.3	0.3	0.3	0
9600	-3.294682	0	9.8	0.3	0.3	0.3	0
9650	-3.295374	0	9.8	0.3	0.3	0.3	0
9700	-3.296026	0	9.8	0.3	0.3	0.3	0
9750	-3.29664	0	9.8	0.3	0.3	0.3	0
9800	-3.297218	0	9.8	0.3	0.3	0.3	0
9850	-3.297759	0	9.8	0.3	0.3	0.3	0
9900	-3.298267	0	9.8	0.3	0.3	0.3	0
9950	-3.298742	0	9.8	0.3	0.3	0.3	0
10000	-3.299185	0	9.8	0.3	0.3	0.3	0
10050	-3.299597	0	9.8	0.3	0.3	0.3	0
10100	-3.29998	0	9.8	0.3	0.3	0.3	0
10150	-3.300335	0	9.8	0.3	0.3	0.3	0
10200	-3.300663	0	9.8	0.3	0.3	0.3	0
10250	-3.300965	0	9.8	0.3	0.3	0.3	0
10300	-3.301243	0	9.8	0.3	0.3	0.3	0
10350	-3.301498	0	9.8	0.3	0.3	0.3	0
10400	-3.30173	0	9.8	0.3	0.3	0.3	0
10450	-3.301941	0	9.8	0.3	0.3	0.3	0
10500	-3.302133	0	9.8	0.3	0.3	0.3	0
10550	-3.302306	0	9.8	0.3	0.3	0.3	0
10600	-3.302461	0	9.8	0.3	0.3	0.3	0
10650	-3.302599	0	9.8	0.3	0.3	0.3	0
10700	-3.302723	0	9.8	0.3	0.3	0.3	0
10750	-3.302832	0	9.8	0.3	0.3	0.3	0
10800	-3.302928	0	9.8	0.3	0.3	0.3	0
10850	-3.303012	0	9.8	0.3	0.3	0.3	0
10900	-3.303085	0	9.8	0.3	0.3	0.3	0
10950	-3.303148	0	9.8	0.3	0.3	0.3	0
11000	-3.303203	0	9.8	0.3	0.3	0.3	0
11050	-3.303249	0	9.8	0.3	0.3	0.3	0
11100	-3.303289	0	9.8	0.3	0.3	0.3	0
11150	-3.303323	0	9.8	0.3	0.3	0.3	0
11200	-3.303353	0	9.8	0.3	0.3	0.3	0
11250	-3.303379	0	9.8	0.3	0.3	0.3	0
11300	-3.303403	0	9.8	0.3	0.3	0.3	0
11350	-3.303425	0	9.8	0.3	0.3	0.3	0
11400	-3.303447	0	9.8	0.3	0.3	0.3	0
11450	-3.303469	0	9.8	0.3	0.3	0.3	0
11500	-3.303493	0	9.8	0.3	0.3	0.3	0
11550	-3.30352	0	9.8	0.3	0.3	0.3	0
11600	-3.30355	0	9.8	0.3	0.3	0.3	0
11650	-3.303584	0	9.8	0.3	0.3	0.3	0
11700	-3.303625	0	9.8	0.3	0.3	0.3	0
11750	-3.303672	0	9.8	0.3	0.3	0.3	0
11800	-3.303727	0	9.8	0.3	0.3	0.3	0
11850	-3.303791	0	9.8	0.3	0.3	0.3	0
11900	-3.303864	0	9.8	0.3	0.3	0.3	0
11950	-3.303948	0	9.8	0.3	0.3	0.3	0
12000	-3.304044	0	9.8	0.3	0.3	0.3	0
12050	-3.304152	0	9.8	0.3	0.3	0.3	0
12100	-3.304275	0	9.8	0.3	0.3	0.3	0
12150	-3.304412	0	9.8	0.3	0.3	0.3	0
12200	-3.304565	0	9.8	0.3	0.3	0.3	0
12250	-3.304736	0	9.8	0.3	0.3	0.3	0
12300	-3.304924	0	9.8	0.3	0.3	0.3	0
12350	-3.305131	0	9.8	0.3	0.3	0.3	0
12400	-3.305359	0	9.8	0.3	0.3	0.3	0
12450	-3.305608	0	9.8	0.3	0.3	0.3	0
12500	-3.305879	0	9.8	0.3	0.3	0.3	0
12550	-3.306173	0	9.8	0.3	0.3	0.3	0
12600	-3.306493	0	9.8	0.3	0.3	0.3	0
12650	-3.306838	0	9.8	0.3	0.3	0.3	0
12700	-3.30721	0	9.8	0.3	0.3	0.3	0
12750	-3.30761	0	9.8	0.3	0.3	0.3	0
12800	-3.30804	0	9.8	0.3	0.3	0.3	0
12850	-3.3085	0	9.8	0.3	0.3	0.3	0
12900	-3.308992	0	9.8	0.3	0.3	0.3	0
12950	-3.309517	0	9.8	0.3	0.3	0.3	0
13000	-3.310076	0	9.8	0.3	0.3	0.3	0
13050	-3.310671	0	9.8	0.3	0.3	0.3	0
13100	-3.311304	0	9.8	0.3	0.3	0.3	0
13150	-3.311975	0	9.8	0.3	0.3	0.3	0
13200	-3.312686	0	9.8	0.3	0.3	0.3	0
13250	-3.313438	0	9.8	0.3	0.3	0.3	0
13300	-3.314234	0	9.8	0.3	0.3	0.3	0
13350	-3.315074	0	9.8	0.3	0.3	0.3	0
13400	-3.315961	0	9.8	0.3	0.3	0.3	0
13450	-3.316895	0	9.8	0.3	0.3	0.3	0
13500	-3.317879	0	9.8	0.3	0.3	0.3	0
13550	-3.318914	0	9.8	0.3	0.3	0.3	0
13600	-3.320003	0	9.8	0.3	0.3	0.3	0
13650	-3.321147	0	9.8	0.3	0.3	0.3	0
13700	-3.322348	0	9.8	0.3	0.3	0.3	0
13750	-3.323608	0	9.8	0.3	0.3	0.3	0
13800	-3.32493	0	9.8	0.3	0.3	0.3	0
13850	-3.326315	0	9.8	0.3	0.3	0.3	0
13900	-3.327767	0	9.8	0.3	0.3	0.3	0
13950	-3.329287	0	9.8	0.3	0.3	0.3	0
14000	-3.330877	0	9.8	0.3	0.3	0.3	0
14050	-3.332542	0	9.8	0.3	0.3	0.3	0
14100	-3.334282	0	9.8	0.3	0.3	0.3	0
14150	-3.336102	0	9.8	0.3	0.3	0.3	0
14200	-3.338004	0	9.8	0.3	0.3	0.3	0
14250	-3.339991	0	9.8	0.3	0.3	0.3	0
14300	-3.342067	0	9.8	0.3	0.3	0.3	0
14350	-3.344235	0	9.8	0.3	0.3	0.3	0
14400	-3.346499	0	9.8	0.3	0.3	0.3	0
14450	-3.348863	0	9.8	0.3	0.3	0.3	0
14500	-3.35133	0	9.8	0.3	0.3	0.3	0
14550	-3.353905	0	9.8	0.3	0.3	0.3	0
14600	-3.356593	0	9.8	0.3	0.3	0.3	0
14650	-3.359398	0	9.8	0.3	0.3	0.3	0
14700	-3.362325	0	9.8	0.3	0.3	0.3	0
14750	-3.36538	0	9.8	0.3	0.3	0.3	0
14800	-3.35147	0	9.8	0.3	0.3	0.3	0
14850	-3.33333	0	9.8	0.3	0.3	0.3	0
14900	-3.316658	0	9.8	0.3	0.3	0.3	0
14950	-3.301356	0	9.8	0.3	0.3	0.3	0
15000	-3.287331	0	9.8	0.3	0.3	0.3	0
15050	-3.274497	0	9.8	0.3	0.3	0.3	0
15100	-3.262769	0	9.8	0.3	0.3	0.3	0
15150	-3.25207	0	9.8	0.3	0.3	0.3	0
15200	-3.242328	0	9.8	0.3	0.3	0.3	0
15250	-3.233474	0	9.8	0.3	0.3	0.3	0
15300	-3.225443	0	9.8	0.3	0.3	0.3	0
15350	-3.218174	0	9.8	0.3	0.3	0.3	0
15400	-3.211611	0	9.8	0.3	0.3	0.3	0
15450	-3.2057	0	9.8	0.3	0.3	0.3	0
15500	-3.200391	0	9.8	0.3	0.3	0.3	0
15550	-3.195638	0	9.8	0.3	0.3	0.3	0
15600	-3.191396	0	9.8	0.3	0.3	0.3	0
15650	-3.187624	0	9.8	0.3	0.3	0.3	0
15700	-3.184283	0	9.8	0.3	0.3	0.3	0
15750	-3.181338	0	9.8	0.3	0.3	0.3	0
15800	-3.178754	0	9.8	0.3	0.3	0.3	0
15850	-3.176499	0	9.8	0.3	0.3	0.3	0
15900	-3.174543	0	9.8	0.3	0.3	0.3	0
15950	-3.172857	0	9.8	0.3	0.3	0.3	0
16000	-3.171416	0	9.8	0.3	0.3	0.3	0
16050	-3.170194	0	9.8	0.3	0.3	0.3	0
16100	-3.169167	0	9.8	0.3	0.3	0.3	0
16150	-3.168311	0	9.8	0.3	0.3	0.3	0
16200	-3.167607	0	9.8	0.3	0.3	0.3	0
16250	-3.167032	0	9.8	0.3	0.3	0.3	0
16300	-3.166567	0	9.8	0.3	0.3	0.3	0
16350	-3.166192	0	9.8	0.3	0.3	0.3	0
16400	-3.165889	0	9.8	0.3	0.3	0.3	0
16450	-3.165639	0	9.8	0.3	0.3	0.3	0
16500	-3.165424	0	9.8	0.3	0.3	0.3	0
16550	-3.165226	0	9.8	0.3	0.3	0.3	0
16600	-3.165027	0	9.8	0.3	0.3	0.3	0
16650	-3.164808	0	9.8	0.3	0.3	0.3	0
16700	-3.164552	0	9.8	0.3	0.3	0.3	0
16750	-3.164239	0	9.8	0.3	0.3	0.3	0
16800	-3.16385	0	9.8	0.3	0.3	0.3	0
16850	-3.163364	0	9.8	0.3	0.3	0.3	0
16900	-3.162761	0	9.8	0.3	0.3	0.3	0
16950	-3.162017	0	9.8	0.3	0.3	0.3	0
17000	-3.16111	0	9.8	0.3	0.3	0.3	0
17050	-3.160014	0	9.8	0.3	0.3	0.3	0
17100	-3.158702	0	9.8	0.3	0.3	0.3	0
17150	-3.157146	0	9.8	0.3	0.3	0.3	0
17200	-3.155315	0	9.8	0.3	0.3	0.3	0
17250	-3.153175	0	9.8	0.3	0.3	0.3	0
17300	-3.15069	0	9.8	0.3	0.3	0.3	0
17350	-3.147822	0	9.8	0.3	0.3	0.3	0
17400	-3.144529	0	9.8	0.3	0.3	0.3	0
17450	-3.140763	0	9.8	0.3	0.3	0.3	0
17500	-3.136476	0	9.8	0.3	0.3	0.3	0
17550	-3.131614	0	9.8	0.3	0.3	0.3	0
17600	-3.126117	0	9.8	0.3	0.3	0.3	0
17650	-3.119923	0	9.8	0.3	0.3	0.3	0
17700	-3.112962	0	9.8	0.3	0.3	0.3	0
17750	-3.10516	0	9.8	0.3	0.3	0.3	0
17800	-3.096437	0	9.8	0.3	0.3	0.3	0
17850	-3.086706	0	9.8	0.3	0.3	0.3	0
17900	-3.075876	0	9.8	0.3	0.3	0.3	0
17950	-3.063848	0	9.8	0.3	0.3	0.3	0
18000	-3.050519	0	9.8	0.3	0.3	0.3	0
18050	-3.035779	0	9.8	0.3	0.3	0.3	0
18100	-3.019518	0	9.8	0.3	0.3	0.3	0
18150	-3.001618	0	9.8	0.3	0.3	0.3	0
18200	-2.981966	0	9.8	0.3	0.3	0.3	0
18250	-2.960448	0	9.8	0.3	0.3	0.3	0
18300	-2.936957	0	9.8	0.3	0.3	0.3	0
18350	-2.911398	0	9.8	0.3	0.3	0.3	0
18400	-2.883694	0	9.8	0.3	0.3	0.3	0
18450	-2.853793	0	9.8	0.3	0.3	0.3	0
18500	-2.821679	0	9.8	0.3	0.3	0.3	0
18550	-2.787383	0	9.8	0.3	0.3	0.3	0
18600	-2.750997	0	9.8	0.3	0.3	0.3	0
18650	-2.712691	0	9.8	0.3	0.3	0.3	0
18700	-2.672729	0	9.8	0.3	0.3	0.3	0
18750	-2.631486	0	9.8	0.3	0.3	0.3	0
18800	-2.589472	0	9.8	0.3	0.3	0.3	0
18850	-2.547351	0	9.8	0.3	0.3	0.3	0
18900	-2.505957	0	9.8	0.3	0.3	0.3	0
18950	-2.466316	0	9.8	0.3	0.3	0.3	0
19000	-2.429668	0	9.8	0.3	0.3	0.3	0
19050	-2.397487	0	9.8	0.3	0.3	0.3	0
19100	-2.371514	0	9.8	0.3	0.3	0.3	0
19150	-2.353802	0	9.8	0.3	0.3	0.3	0
19200	-2.346789	0	9.8	0.3	0.3	0.3	0
19250	-2.353406	0	9.8	0.3	0.3	0.3	0
19300	-2.377254	0	9.8	0.3	0.3	0.3	0
19350	-2.422858	0	9.8	0.3	0.3	0.3	0
19400	-2.496039	0	9.8	0.3	0.3	0.3	0
19450	-2.604464	0	9.8	0.3	0.3	0.3	0