1000 2.0
2.0
6.0
50.0
69.0
4.0
71.0
41.0
90.0
21.0
6.0
87.0
96.0
36.0
22.0
30.0
2.0
25.0
50.0
4.0
95.0
63.0
92.0
83.0
100.0
72.0
12.0
10.0
5.0
46.0
57.0
79.0
76.0
61.0
45.0
55.0
59.0
27.0
74.0
87.0
11.0
8.0
46.0
12.0
34.0
64.0
34.0
75.0
66.0
81.0
30.0
19.0
73.0
29.0
13.0
96.0
27.0
79.0
83.0
8.0
2.0
19.0
16.0
99.0
29.0
81.0
73.0
56.0
37.0
46.0
1.0
74.0
76.0
68.0
14.0
23.0
96.0
74.0
35.0
4.0
93.0
24.0
8.0
60.0
96.0
7.0
57.0
29.0
68.0
48.0
48.0
72.0
83.0
21.0
95.0
74.0
33.0
32.0
68.0
52.0
70.0
64.0
91.0
88.0
35.0
49.0
62.0
73.0
58.0
78.0
94.0
36.0
1.0
6.0
84.0
31.0
98.0
25.0
92.0
12.0
33.0
53.0
68.0
33.0
22.0
14.0
3.0
76.0
35.0
53.0
20.0
61.0
97.0
20.0
60.0
69.0
56.0
97.0
60.0
37.0
87.0
53.0
57.0
73.0
52.0
46.0
4.0
17.0
82.0
8.0
58.0
43.0
2.0
32.0
63.0
94.0
20.0
18.0
40.0
98.0
42.0
45.0
24.0
25.0
75.0
31.0
83.0
29.0
35.0
78.0
14.0
99.0
25.0
56.0
97.0
68.0
60.0
87.0
98.0
10.0
48.0
57.0
59.0
60.0
41.0
83.0
23.0
5.0
28.0
18.0
27.0
50.0
66.0
71.0
70.0
8.0
14.0
60.0
76.0
55.0
2.0
36.0
75.0
4.0
23.0
37.0
29.0
7.0
98.0
69.0
45.0
34.0
58.0
10.0
63.0
19.0
61.0
20.0
84.0
53.0
19.0
34.0
32.0
99.0
35.0
64.0
71.0
93.0
42.0
64.0
6.0
59.0
1.0
89.0
7.0
23.0
78.0
63.0
58.0
98.0
94.0
84.0
83.0
31.0
54.0
6.0
59.0
89.0
17.0
70.0
62.0
12.0
57.0
37.0
20.0
38.0
41.0
39.0
10.0
31.0
37.0
43.0
77.0
45.0
75.0
19.0
99.0
24.0
51.0
88.0
80.0
85.0
95.0
90.0
13.0
44.0
91.0
67.0
75.0
1.0
69.0
92.0
70.0
84.0
37.0
85.0
63.0
76.0
99.0
13.0
22.0
88.0
27.0
89.0
80.0
66.0
97.0
72.0
5.0
23.0
7.0
22.0
61.0
28.0
3.0
39.0
6.0
31.0
47.0
77.0
73.0
98.0
75.0
56.0
58.0
90.0
85.0
48.0
89.0
63.0
10.0
20.0
39.0
33.0
87.0
89.0
98.0
88.0
33.0
98.0
81.0
56.0
84.0
78.0
54.0
35.0
65.0
55.0
7.0
81.0
9.0
97.0
80.0
98.0
4.0
46.0
13.0
80.0
4.0
65.0
99.0
26.0
31.0
60.0
14.0
56.0
39.0
47.0
84.0
73.0
52.0
20.0
35.0
22.0
60.0
6.0
99.0
86.0
61.0
6.0
42.0
12.0
96.0
78.0
60.0
86.0
55.0
37.0
14.0
33.0
25.0
44.0
74.0
4.0
57.0
29.0
57.0
16.0
4.0
30.0
15.0
14.0
16.0
83.0
58.0
65.0
10.0
18.0
97.0
9.0
43.0
5.0
65.0
14.0
23.0
28.0
52.0
50.0
44.0
39.0
28.0
10.0
39.0
60.0
51.0
96.0
52.0
64.0
35.0
4.0
49.0
6.0
74.0
69.0
30.0
69.0
80.0
2.0
21.0
30.0
44.0
21.0
82.0
21.0
19.0
86.0
63.0
37.0
29.0
76.0
90.0
83.0
71.0
54.0
91.0
32.0
3.0
50.0
36.0
11.0
71.0
58.0
24.0
1.0
26.0
86.0
79.0
91.0
7.0
11.0
87.0
34.0
93.0
66.0
90.0
87.0
58.0
61.0
74.0
60.0
93.0
44.0
46.0
3.0
26.0
80.0
33.0
92.0
26.0
2.0
0.0
67.0
17.0
15.0
59.0
80.0
55.0
13.0
68.0
27.0
57.0
61.0
57.0
52.0
59.0
75.0
88.0
87.0
48.0
24.0
76.0
98.0
32.0
4.0
88.0
75.0
90.0
56.0
37.0
19.0
65.0
94.0
31.0
44.0
58.0
71.0
56.0
31.0
56.0
70.0
2.0
69.0
27.0
23.0
50.0
15.0
15.0
10.0
26.0
56.0
69.0
86.0
85.0
93.0
56.0
32.0
12.0
27.0
27.0
91.0
87.0
17.0
2.0
86.0
43.0
53.0
18.0
21.0
74.0
81.0
93.0
16.0
48.0
69.0
20.0
63.0
40.0
4.0
17.0
96.0
61.0
70.0
11.0
79.0
30.0
90.0
100.0
93.0
76.0
42.0
30.0
45.0
37.0
45.0
23.0
86.0
74.0
85.0
65.0
8.0
84.0
96.0
23.0
60.0
63.0
45.0
29.0
50.0
9.0
21.0
29.0
65.0
42.0
30.0
85.0
74.0
75.0
84.0
41.0
33.0
12.0
51.0
19.0
85.0
51.0
4.0
35.0
62.0
35.0
47.0
81.0
74.0
98.0
88.0
46.0
67.0
73.0
65.0
28.0
95.0
82.0
49.0
38.0
43.0
13.0
36.0
21.0
64.0
2.0
21.0
85.0
81.0
47.0
33.0
2.0
36.0
95.0
6.0
91.0
67.0
86.0
28.0
50.0
41.0
79.0
67.0
29.0
20.0
75.0
9.0
90.0
15.0
88.0
33.0
89.0
82.0
100.0
70.0
63.0
84.0
33.0
13.0
78.0
4.0
66.0
97.0
13.0
49.0
64.0
73.0
81.0
59.0
59.0
31.0
47.0
61.0
71.0
12.0
64.0
38.0
65.0
25.0
91.0
4.0
13.0
24.0
43.0
84.0
69.0
21.0
31.0
87.0
31.0
72.0
15.0
78.0
85.0
87.0
29.0
21.0
55.0
65.0
17.0
42.0
96.0
41.0
41.0
17.0
35.0
0.0
71.0
24.0
31.0
10.0
39.0
9.0
82.0
22.0
50.0
12.0
14.0
46.0
57.0
60.0
97.0
26.0
33.0
53.0
38.0
67.0
90.0
66.0
26.0
6.0
45.0
20.0
59.0
82.0
25.0
1.0
97.0
97.0
51.0
76.0
80.0
11.0
0.0
87.0
43.0
37.0
73.0
49.0
56.0
58.0
89.0
21.0
52.0
58.0
99.0
47.0
2.0
2.0
20.0
83.0
85.0
80.0
59.0
44.0
36.0
62.0
97.0
10.0
51.0
94.0
75.0
73.0
57.0
94.0
44.0
65.0
65.0
51.0
99.0
98.0
91.0
93.0
42.0
46.0
40.0
68.0
93.0
53.0
86.0
54.0
3.0
41.0
99.0
12.0
87.0
33.0
53.0
70.0
21.0
68.0
95.0
87.0
51.0
73.0
44.0
29.0
59.0
65.0
12.0
41.0
66.0
76.0
75.0
81.0
55.0
96.0
48.0
62.0
50.0
61.0
49.0
100.0
8.0
64.0
71.0
92.0
40.0
38.0
29.0
50.0
25.0
20.0
17.0
76.0
48.0
23.0
78.0
90.0
8.0
85.0
60.0
27.0
42.0
73.0
45.0
88.0
14.0
63.0
44.0
31.0
100.0
8.0
27.0
16.0
95.0
49.0
18.0
45.0
13.0
6.0
89.0
70.0
52.0
22.0
59.0
49.0
86.0
96.0
41.0
90.0
18.0
45.0
32.0
91.0
52.0
45.0
7.0
44.0
15.0
42.0
79.0
13.0
85.0
43.0
59.0
43.0
77.0
70.0
46.0
53.0
68.0
88.0
13.0
70.0
45.0
17.0
36.0
86.0
50.0
62.0
100.0
25.0
24.0
73.0
51.0
63.0
98.0
49.0
29.0
69.0
22.0
11.0
24.0
4.0
100.0
22.0
76.0
73.0
97.0
8.0
5.0
100.0
47.0
62.0
86.0
28.0
40.0
84.0
32.0
78.0
9.0
56.0
33.0
42.0
73.0
48.0
89.0
6.0
90.0
49.0
10.0
91.0
19.0
95.0
21.0
3.0
87.0
62.0
75.0
9.0
20.0
31.0
36.0
10.0
14.0
71.0
13.0
97.0
96.0
46.0
62.0
67.0
15.0
13.0
96.0
78.0
60.0
5.0
7.0
13.0
60.0
34.0
62.0
26.0
13.0
27.0
98.0
72.0
13.0
32.0
21.0
6.0
12.0
49.0
88.0
73.0
11.0
66.0
37.0
47.0
49.0
97.0
90.0
31.0
61.0
99.0
13.0
-0.3347814735074106
6.337745703742818
52.14153210657559
70.64825094740198
4.191815964701155
70.07344846176011
41.09343182365539
86.26622817581281
21.764950063070565
6.000453171191255
88.59736752669441
95.88079547070002
39.808304479857775
23.667145082481902
28.92188751140526
-1.0485357725796827
25.501173647646773
48.24273947278915
5.057710236821664
94.1268859552392
62.41022834802937
92.85808563304187
83.86214685997356
98.73522932208591
71.78476129103939
9.46408647290621
7.574921521852912
5.218946378920627
43.75268703639404
57.65849510220323
77.5034150033224
78.14857795291324
60.72809269686445
44.55069628227212
58.97947077972875
60.28874367557613
26.040084761236155
74.68440529666945
88.99044332435054
14.98518019344781
8.00199208660964
44.69378415096444
11.099827100124955
38.5679684787906
60.140176192940324
39.97960567047806
77.59807686792138
66.38047330461352
81.10912725290297
29.822664332485488
18.355570877803746
76.40423931935099
32.44518789648117
12.426595881711654
97.7338978189095
30.044661080410133
74.33730079142583
82.5109531912593
7.386876556325401
2.326226815998314
21.66480108890395
12.12605619208092
102.02781769357455
32.23309536184165
80.2809357731087
71.92365163926851
54.443866726436404
38.14728052182961
48.240570277234816
-0.013323242980718408
73.36491161039754
75.78860155544572
67.86017996724729
12.259598985012737
20.40101116376063
97.5295669641754
72.48275713580578
32.98474031206493
4.69263625234853
92.3639075321651
25.163002308027547
11.540951319665897
55.960212154181846
95.34135107956172
8.318572438369635
59.36465351143582
23.957712482609722
66.60797482691503
47.45946022747057
48.2940700921096
74.19892704621013
85.16831829370079
17.82700111713075
90.23150647729526
73.24139634168948
33.12464757634004
33.35173776254322
70.11728174462158
47.80881765824324
68.78101400419416
66.95220679089222
90.4288624190649
86.18645636491031
35.835813693929694
50.34554330639514
57.08864313711132
74.76529417540718
57.95988105432461
76.64531199226795
96.63444050506092
33.289600570301786
1.1387450884909471
6.62937652630829
82.29598017449395
28.211720406770826
96.79545696800568
24.809237760064956
92.96731008694974
10.983106232583566
33.62308276640193
57.82405061018908
68.09541828418261
34.90496112221818
21.56981027359408
13.362898803669037
3.205393064989831
76.04807461044336
37.80860801263172
52.201674208484974
22.834879960500324
58.84523868791486
96.18219985737338
20.257231559568208
59.67332138759394
68.57461884838192
54.557195818844534
92.6794972674982
60.15477405941898
44.044926363978135
86.30439394739197
50.93142968818864
54.29425406402956
75.1547743797187
51.38138703439337
49.184908821163056
2.832739873593569
20.337159073427816
82.10269157517466
6.664365395736172
59.68155104105027
41.99968357062712
2.904600929972153
31.01549310301518
64.28597389991982
88.19773288150445
21.358630817360265
15.55814772811939
34.903811143634314
100.29043845358895
42.045862573210805
43.1946491752799
24.649667937556643
26.764851140605884
74.99892876476997
30.840804396065796
81.24461755112145
32.312091713081614
32.167753723347666
80.6374838438158
11.252517417135158
95.3809591437155
25.522297007125836
56.27040951484915
96.0438286079569
68.40224495187972
61.343227891054276
88.75109426709038
97.61547472349002
7.519553474725894
47.45450188409345
56.059046121246475
59.886850919531106
60.49805567934865
40.01635050000532
81.97934827019652
23.078299896086925
4.363580193164671
28.117823383138113
16.704006592959004
26.88960063855897
49.66562843972323
64.86314468611675
72.62446176268939
69.13395935883875
5.656214627957491
10.94399671155564
60.91718276423851
75.86116050181548
55.35594732558481
-0.21266131759564733
39.44880506097128
72.80345683903178
4.008205734353931
26.806689116540678
37.24537689983989
32.48892982187519
7.5589996048108645
99.48103245585136
67.69611463050394
46.28584091498925
34.66610860178352
55.025217758198075
9.36985548608392
63.35848802713479
18.88445826923821
59.87500230691518
21.344589009331976
84.77761525896095
51.74371102930644
17.7003558861664
32.72604093750872
31.15552909203169
98.45679624021913
36.084683062309956
64.25708278735429
70.19952035967252
94.1251922483852
46.013266055672716
67.14171600745442
2.9218307172051317
57.857721373043304
-3.230740380438019
88.87305413230528
7.074579752415137
23.177108699704398
80.12169876884151
63.58913562276028
61.16186750201736
96.87139748965282
94.64758901094136
83.26366641413183
85.935443543543
29.31516326954313
54.26840387268246
5.132019053837514
60.57015850198201
92.2635833015181
18.319064024298523
71.08709380852386
63.76786086452672
8.782912219282512
60.11483135178824
41.474420429199256
19.08055228316862
38.81419713220351
42.21686662817305
38.99966065191844
10.335446763741674
31.269365999223634
37.3477410700729
40.297564474469056
75.00151855102187
42.62582311606798
75.15986634377785
20.595235750403308
96.3169375084797
29.43432236767525
53.06468541374966
86.19422667088706
77.2352853725548
82.78544266649926
95.87085990231417
91.14671699658491
10.701042016050405
43.18457966085567
92.96470988405915
68.57996934770512
76.19237042561838
-2.072159672692289
72.07227523693986
93.14377369759775
70.44238043096433
85.99084087524068
37.84284708662978
81.6912728582591
59.3405834291951
76.5895152799839
96.88705123439027
14.124839491494765
25.82013290820222
87.01855208678009
28.683727681123965
89.26586369348259
79.27264494983345
62.69659288165333
93.73745709582853
72.13869249859845
3.274817867181647
21.498559855679684
5.061203129888588
23.787255043471628
64.74268769426016
29.201141910100795
3.6420989098744503
39.615593132688396
4.271903845920674
33.203763599712616
47.533213963920545
76.54907142982185
72.83708470996457
101.11692036939257
73.25561181811467
54.559309534407326
58.10561592833904
89.35299027456267
82.9385963889244
47.89450130248716
90.02898977508632
63.39563451673103
12.568043700417933
16.810270507846433
35.4005978352952
34.718818290305116
86.3325314659334
89.31028732126005
98.0190937250012
85.64487235619666
33.98860937453298
98.2088974344447
80.30416978032716
54.914153690221646
84.93805068510163
78.02734219921739
53.74642796442518
32.534635761728524
65.13177016675829
58.2696065658233
6.19229971466302
79.97430062135393
7.676216831257582
97.85388841433077
80.78296510356657
98.161057937484
4.370808139516977
44.54190709777173
11.790711058846746
76.67765108092526
2.258632078122095
64.041082231731
99.40702997439364
27.529192496133323
29.46103156240125
60.85872492582081
16.783899104017003
54.029685680650246
37.76838272689034
50.395020663228884
87.19189596356354
75.52816437704682
51.86752182214077
18.40429878305376
33.45866578449628
19.21886088712583
62.83239003510426
6.209705819363645
99.34071071787109
84.1412900816718
58.34293303722869
4.5987343822225855
42.022516991136975
11.212774677686424
97.144191855143
76.9546624635851
59.19924672586758
84.07461598097561
52.4568887225101
36.21129445770543
15.58008764460642
33.219060339996894
22.076471962295816
41.92497082945004
71.90069450397402
3.333371530866668
58.70376085139675
28.45625144144182
59.36554369002069
16.743652011953017
3.627197467813027
27.922888383029814
13.14194638123634
10.421276117196376
19.100248763659856
82.24662051984959
60.40446732061571
66.73989658592222
11.844810566532201
20.8893314334685
94.81487922905202
7.467581760892363
41.25848971091861
4.207757793637697
64.91729592190052
15.272773043439635
23.616947961654194
30.213997357346056
54.63912979513416
51.38258096807925
42.76372493691106
36.112117227672876
24.079746989752337
8.262358281079806
43.22249849999192
57.251259963460214
51.86188147044514
95.42685340951117
51.821322725335506
64.77479779456262
40.81241380082235
4.446789524329616
44.93444551943131
9.394396251821524
76.15327612731653
69.51639022352225
31.237297771777456
67.40346432335774
80.54569033437743
-0.7293594104077226
22.67285680818579
29.624287254798418
41.31657752719578
25.81108420927774
81.32633633935367
21.428848543586092
15.08916340915908
87.24805685397494
64.5030041648974
32.67951786013942
28.085624572425044
73.75756602500768
91.21452507919987
83.73081323817743
70.27156188123745
57.56847160555961
92.2629276247443
32.48230388873149
6.690631454136412
51.351993864383054
39.19680155517679
9.056794993535648
68.89550588537348
58.374317096328355
21.631888083947043
-0.3068757405953382
23.582100758902207
83.85149750353705
82.37435536866252
93.21113584988754
6.37442634593255
8.393282485411532
88.82198808535705
36.91633834118242
92.39782686972093
63.04678173526436
89.54613011935857
84.26243022443725
57.78829665400084
61.439432508318546
75.90590679895419
57.05959260727823
95.50952977000311
46.07536735459152
52.73879290870493
3.1542877863606877
26.216757232168867
78.54629220147113
33.46876063987454
91.66731941468704
27.626779843027567
3.921290253894831
-1.512777748902571
64.6963896589878
18.93874714647834
15.790081967019953
59.992531938467714
80.93033489486957
55.92344203181476
13.682833115445726
69.63448121532467
24.57173519149395
58.80710816070713
62.8492268150074
59.66108320457285
52.51814265583584
59.95710219680702
75.01220194728526
87.57324407822136
87.938963665823
44.77074678655897
23.882278448881177
75.58233965502362
99.8481550327094
35.508805050252484
4.144906763887914
85.59261774757005
77.62668849391252
87.3481003234008
55.552146719378946
37.04035599431028
14.481458714592662
63.57943770736727
91.39303527661221
32.29016098126581
44.24456659906078
56.49202125182313
71.09752259698499
54.098462373059725
29.433884099860073
58.73831015739511
70.81629400238873
3.028397810929609
67.51411804254232
30.15780041098576
20.256668890103256
50.87863415234751
14.08492916104224
15.743674548735054
9.735276528714293
26.873581927992234
56.76425197746871
67.25495807969432
85.44005788441093
84.93299414533534
94.36775373662887
54.20136417503268
33.560417320736654
14.317692589384844
28.821377543289767
25.763118802640953
87.60677237974937
83.80428260536387
19.45937044971019
0.4754453547921369
86.76913515343585
40.17733157231244
54.296720711917494
14.29168986676725
20.765867582362667
76.17013420931465
79.85120118563927
96.3849985226983
15.172981164445888
46.6130516742007
67.85301556081846
18.371277951403542
63.07247737331775
40.787454029848654
6.0411454987552595
12.134046634896595
93.07906819686822
60.8099670018244
72.6332216346397
8.661888742326033
80.81183235766503
32.432927029160666
85.72217211287628
98.53449429011683
93.57349804072857
74.69567913220894
42.715587295601765
28.595611130836982
43.754294243473744
37.402052219735154
45.25455928007737
25.43161887459717
86.4489378699516
73.13598946609027
85.70744287342129
65.10683848012735
2.640851227519124
84.51916385507536
96.16338874559044
22.158726999973158
60.03003048724338
64.30762611767011
45.82064245756586
25.93808055473446
48.699022633414494
9.43642495191203
17.713804442202495
27.396150387256135
64.50954676093725
40.84211427171375
30.391539266499713
84.24113951937808
76.2538209870223
77.70274023924247
87.54055208538867
41.90843167760905
30.820976029135753
11.485505880416566
51.643064539617924
18.410003301128704
87.56925294314985
54.40407510806557
2.079519120910831
35.690445706168966
62.90529517742902
33.82947327202397
47.090574907775746
79.03588084948227
76.63969523566914
96.59681615030422
87.75001963576268
47.43079629783683
66.86032167806711
74.28818193955127
65.44032745143761
29.00143431154225
90.5560546561548
85.1033482985492
48.592379239986066
41.25560037912282
44.70745978686628
15.327464955422965
36.87436995406474
19.42264613339557
64.44972820361554
3.853364547467131
22.634999979634816
84.33237166690978
77.58955075194295
47.405327606679386
34.7492795371459
2.798626533505408
32.83993083228422
96.47734570605125
6.068256515352743
92.38437164550172
66.25793708986163
87.52786735127657
29.290388706194832
49.916126600443064
37.76096798810793
73.2520930571042
64.71479641848109
33.36153377546982
21.479447020006816
74.06773475125826
6.6864477446968795
86.9693465737481
14.529324871347228
88.2888115850431
30.941423786621236
88.84897486315177
82.819200631918
97.2771600037039
70.25463282747417
63.480608674224534
83.01741930884263
32.67028469411232
11.357810204200328
77.6732767451019
3.74085880631352
68.19913956000953
96.08452978791982
14.573069792238027
48.18202287700154
63.835987630003984
68.94884695545423
80.75410335220198
57.537145565723186
61.90318453216537
31.716598693668455
47.188571504433746
62.89613077892955
70.36329832238371
10.398085541989563
65.15058399117964
39.39611052005049
64.56150769450944
22.527212378637444
92.32639232485964
3.9592011147990727
14.335282275547629
27.13066450970156
42.302012874532096
83.19191761970208
69.78211827512172
20.777358976410223
33.85113767863023
88.37361651918998
31.41824876142501
69.99007819525043
14.734621212795224
75.47870873536019
82.05267640878502
88.03347635621223
27.558162382106385
21.10740050186664
55.79390075730178
63.19195912581231
18.13550770929313
40.59249204332616
95.91511654926178
41.4753959943964
37.98072671053563
17.81029348184704
36.42278326083227
2.084427445197578
68.15048640377124
18.728462569952786
29.03143515932611
12.99094753493808
42.59851179317201
14.433057552859829
83.42495451862166
24.111506605988314
49.44419469394195
14.320442964439959
16.846227603645904
47.58577003247838
58.21327746875688
60.31168194377518
97.35638718181468
23.78761464845414
33.80735239982633
51.834839030666245
39.631912457930355
66.7036713166789
90.02700391713284
71.79350628184962
22.725802840499288
3.656086194564428
42.475541379595064
21.432550207849193
54.7231196059618
85.64504031611384
22.227824263894465
4.175178524222024
94.162024682397
97.40740044392035
47.68949816936402
77.13799045329642
79.41433791010401
10.85343237351318
1.0144292925163056
87.23007428687684
44.08247102309432
36.07191151618524
74.37006554881752
49.389441854101
52.69229150711729
59.77715166938251
89.49316110645232
20.986271334676758
50.86636243921612
57.38933596106907
97.49607868830472
47.476914485071624
3.5088028251708705
1.1750195953779516
15.704447374668263
79.5943022681122
86.52055674540476
78.52351562125777
61.27277047528155
39.622825654659145
34.85229049930321
59.60415658961531
95.5074533760933
10.517528008749435
47.70297600193775
96.37735136894106
73.75804728021818
73.5949258118294
58.6828139532238
93.79972954842513
43.40051057419283
68.19641696808151
66.3855939940189
52.50573962554189
102.25763475642256
98.37019993692007
92.14237721261024
96.22442253985797
41.92943912796499
44.6818550112589
39.69103600354535
68.2286260851518
95.84927552045896
52.87095905286692
84.7564408934724
53.530977403909894
1.664985459283906
42.3377431725837
98.25272805213172
13.02861035202288
87.28000808927384
31.57499167859108
54.86474609620878
71.41450838486723
22.70694964409049
69.28066411920389
91.9885116178533
89.21963584820415
50.50942246729097
73.6378256114612
43.07598113375781
28.85276543576394
60.3722921355519
63.404406660768544
10.89862921319158
43.189314194891836
65.22429629959524
72.17949344076808
74.1215729062269
80.72661251343413
53.00766686214389
96.725198240404
49.85013210448951
62.07953208402576
49.17892747480313
61.47276715839119
47.10281265826629
101.34449294238348
5.6975526176575215
65.29998227911005
72.42286803519863
92.38992344186147
40.383160458488994
36.239742331916034
29.951516898488034
56.8291084471473
22.753288351433817
19.274677129444672
16.760844393090515
76.71920545553728
47.42626003694391
21.692935170825542
80.95500579223358
88.98309036305498
7.222962325687388
85.15844008461525
60.36287308062951
28.327750910813325
41.615456940192104
76.13350201829901
42.36642862230465
88.7659615168771
13.189896728105198
64.57124030609013
41.5260658369672
30.688021715295204
98.00858265321484
9.288504653180421
25.54149853500673
16.08353769051572
92.87260014843288
48.45294918318693
18.642678690188017
42.914819177904015
8.79694876144045
5.996692996282074
87.18020895056029
66.692144449303
54.254794322506996
19.651615362215946
60.65028639151266
48.172959047122866
89.13495261670494
95.22297261898865
39.39717945004614
89.18882665330295
18.42312120026039
43.65177080267843
30.39332757941146
92.16384665371952
50.10746481812179
44.156018479462986
8.733549025544868
41.28133456771148
18.30770833779152
42.92115216170856
78.37941399736475
13.543556563330956
87.57996071684933
43.50794695272489
62.56040111575207
42.894508973948774
76.96159867018075
69.6968704639055
45.485219971287854
53.67822454939648
65.21106463768527
86.88094707227107
12.044101797464691
69.3304707037441
45.71264739557973
18.436259985449535
38.530736924943724
86.52080508501432
47.342771665979704
59.57250260153825
101.81986009121519
26.008364618410795
26.845239694303025
70.28310659435517
51.492215097955956
62.51994842934283
92.76387055424004
47.94638411121638
34.57101398698424
69.92562113306315
22.367992357787916
9.291603871366938
23.314169071028722
2.0928051296079904
96.97307917959496
20.626047399285415
76.5974397924591
74.38351440079315
99.76538369691706
10.004035663811672
6.141124429359321
98.40358297401936
48.790543005828326
63.191317480637146
86.1245286642399
28.821851859416842
41.66335756766052
83.46047187948969
35.31455108550201
75.03225248017137
8.244790358158234
49.983531518746005
31.40990535678774
38.60356683938161
70.20599729606207
44.79767180996701
86.77439354890147
6.482624852186223
90.21433370663758
49.25126215795126
12.219013866835203
92.49164500241385
18.045248774274974
95.76041255283643
18.017190658527998
1.4191824221469496
88.9257430533071
63.95236546313648
73.80690561262665
6.493816057463205
18.09362686942132
30.972096981061895
34.53482955793429
10.66374634966509
10.928796621758346
69.41544656379327
13.228039237749805
96.58554505079931
94.28858776304041
43.95756763395674
63.23095695184344
67.48901545783147
14.347553043429116
13.677080098164227
96.31741213049054
73.48642757938937
60.6755883313943
6.883198704817664
5.784667825351028
16.476848483308668
59.79467157119882
31.33354997775855
61.30468884687161
23.35090435122272
11.845482409968456
28.20742286613712
95.52751264953466
72.73187678792127
15.772166743655848
31.23235426659317
26.370229577253177
1.683145156749024
13.322746267000229
52.67387191642723
89.79828387318707
72.03430297447838
10.67503619491775
69.46339960169256
36.43358737874507
49.116768856724754
51.98354412874503
101.23702022641093
89.35666986909608
29.18413574626344
63.311479888285895
97.63660103894779
12.206749988173097
