0.0314779
0.0256234
0.499553
0.741734
0.667158
1.12198
2.09705
2.44436
1.44324
1.72945
3.0976
3.03596
3.22663
2.84893
1.00011
1.95972
1.16846
0.712528
0.965562
1.96902
3.09387
2.44307
1.89112
1.21869
1.90077
1.64293
1.18729
-0.470003
-1.00809
-1.77619
-0.773236
-1.68031
-2.23716
-2.89028
-3.73187
-4.62769
-5.0034
-5.2857
-5.52891
-7.24775
-7.79807
-9.7611
-11.0705
-12.6582
-14.8422
-18.1305
-18.5154
-18.5545
-18.9471
-20.2706
-23.4687
-23.7068
-25.7343
-26.4149
-27.5265
-28.9202
-30.037
-30.3532
-33.3294
-34.0925
-35.729
-37.4694
-38.4662
-38.4908
-37.1319
-36.5346
-35.6703
-37.9252
-37.9185
-38.817
-37.7456
-36.5695
-34.7341
-34.3165
-35.0784
-34.2671
-34.3781
-34.3272
-34.5399
-35.7402
-35.0847
-33.4087
-33.2074
-33.0765
-32.1762
-31.9169
-31.7962
-31.2251
-30.4733
-30.6959
-29.8866
-29.0003
-27.9753
-27.0571
-28.3377
-30.0238
-30.2703
-30.1765
-28.3795
-29.3909
